PC1	PC2	PC3	PC4	PC5	PC6	PC7	PC8	PC9	PC10	PC11	PC12	PC13	PC14	PC15	PC16	PC17	PC18	PC19	PC20	PC21	PC22	PC23	PC24	PC25	PC26	PC27	PC28	PC29	PC30	PC31	PC32	PC33	PC34	PC35	PC36	PC37	PC38	PC39	PC40	gPC1	gPC2	gPC3	gPC4	gPC5	PCR	Cohort	Sex	Age	Ethnicity	Height	Weight	BMI	Death cause	Batch ID	Ischemic time	RIN Number	Tissue Type	Tissue	Uberon ID	Intragenic Rate	Total Mapping Rate	Exonic Mapping Rate	rRNA Rate
PC1	1	1.83396411889067e-05	0.000530133801942372	0.000981264171888936	0.000339588419756374	0.000322162931356962	0.00198810483348011	0.000362318698967838	0.000237332693922525	0.000853719222707727	0.00120612089436885	0.00128591818450092	0.000642414278238491	0.000286326406188767	0.000503593035751921	0.00155206961567218	0.00103793462329809	0.00142954559322024	0.000281176999442124	0.000716858475597588	0.000878932930453064	0.00111433564630905	0.000363371782858733	0.000264013544970173	0.000747174625343533	0.000287971449608499	0.000850504465889634	0.000255862694026211	0.000862526644967304	0.00158493567266849	0.000811882571594119	0.00032623775085175	0.00031023502055068	0.000793246858652968	0.000396682712009301	0.000832506700456554	0.000397115519341389	0.000633176102671508	0.000805593281679033	0.000744237992167038	0.0287221396238712	0.0524455473495451	0.0255119617122964	0.0562776499011537	0.0786800628729146	0.00712453040051824	0.409017132319084	0.0444478887724111	0.19729425431519	0.264518022814992	0.0701775670676919	0.0440622146575386	0.00507214149778404	0.360535253652969	0.298273680529196	0.333747252629319	0.335060164684118	0.00322391313343198	0.00360240103769779	0.00360239537846498	0.163154825948714	0.0104437469585144	0.453708015561402	0.0927074590998155
PC2	1.83396411889067e-05	1	0.000143886557200881	0.000292586480210402	0.000116738488730128	0.000586314430570588	0.00118088254002303	0.00104165360710901	0.000286129654656401	0.000765933255393976	0.000274235634009827	0.000229484807805658	0.000821314478097806	0.000229193333277499	0.00183228600168184	6.08211915960419e-06	0.000447824345228661	0.000453622678228403	7.44633198103105e-05	0.00165936073319789	0.0013749993205465	0.000354189337217158	0.000515679046647587	0.00167819322599552	0.00101854321685211	0.000198198591823228	0.00051200425038119	0.000586996478687714	0.00049596158921237	0.0010176799752507	0.00107187708807429	0.00172598609313049	0.00189120929790404	0.00019295646835754	0.000760137715767642	0.000616451556948572	0.000481661245228955	0.000116880144866809	0.000155991843873343	0.00153174853159271	0.0146259408268303	0.00057179571310487	0.000444235596022888	0.0359652426407214	0.0242633619017872	0.0277413375112571	0.020318813202596	0.0350205397975812	0.0232855088643896	0.0611836165560983	0.0478456565594551	0.0440640299282348	0.024602864104652	0.0586666363610877	0.542498668800028	0.0360298761952711	0.183081325500508	0.00252225007467427	0.00344849519925193	0.00344849519879689	0.011216589835511	0.097296317970543	0.203037291490475	0.0817129022006141
PC3	0.000530133801942372	0.000143886557200881	1	0.000169760849570007	0.000604018680189493	0.000649597189177287	0.000212882379530554	2.12035454798319e-05	0.000453979142165964	0.000312973607895858	7.25762851428637e-05	0.000420295947748351	0.000280327553117651	0.000393090366393223	0.000338596766311624	6.07144344024875e-05	0.00233520740632067	0.000923232967584828	0.000317051038320392	7.03865127001323e-05	0.000858889664807402	0.00120046581069358	0.000137525301055228	0.000534992025085275	0.00110849265748148	0.000874471621878797	0.000798815624006473	0.000609242378122207	0.00116959197228929	0.000872734639798321	0.000311917966520877	0.000264221091026061	0.000498369056041859	0.000559546138185889	0.000213276249910705	8.93829448829877e-05	0.000539651805174546	0.000479377731744304	0.000145129802878509	0.00078442104964932	0.0171956325745841	0.0321980076867233	0.0342413076750056	0.0316927044380367	0.0391407941257031	0.000147754817029397	0.0875315334107481	0.00607432153305412	0.0616461837106695	0.0376687222348993	0.00424071050821034	0.00651408381467316	0.0130962677326653	0.206032900468165	0.296329226720983	0.0295764190049989	0.0945015076808276	0.00139362488258547	0.00201979354487371	0.0020197867271498	0.033731004873562	0.0256877354434576	0.123154996030277	0.0516027305440232
PC4	0.000981264171888936	0.000292586480210402	0.000169760849570007	1	0.000262338864173229	0.000377468901289797	0.000748492662273378	0.000517591082557716	6.72716543489637e-05	0.000373849383637702	0.000669120878621518	0.00124149768248899	0.000717495899203009	0.00140963204845386	0.00010023244025273	0.00194446670217334	0.000502576082542693	0.000838142174003418	7.88028550788621e-05	4.0253416073457e-05	0.000393832032287994	0.00083266800358933	0.000207707153617248	0.000588698727259708	0.000336456405203582	0.000696651533059282	0.00101585234013265	0.00145966353114668	2.8085180571374e-05	0.000253051845241409	0.000954776387175352	0.000260790954490987	0.00140442611364912	7.05619020978107e-05	0.00089341885172383	0.000313400390227458	0.000894236711804435	0.000361322828636523	0.00121282971672424	0.000274971101143669	0.0154511679702918	0.0136590407005798	0.0213742975784981	0.0139943670839553	0.00763588030394083	0.0215013965219258	0.258240610514825	0.0409395485917048	0.135595944157258	0.151180482718047	0.0614624557208137	0.0487361024904243	0.0201499567465583	0.255876611674592	0.323934678728615	0.24286158433302	0.172823795726748	0.0034587565587523	0.00402198466483222	0.00402198461015844	0.0826508890460447	0.0136460585067113	0.114791523104416	0.142993060296988
PC5	0.000339588419756374	0.000116738488730128	0.000604018680189493	0.000262338864173229	1	0.000601189974995398	0.000412225078969885	0.00018141492961652	0.000299354276344413	0.000947561157670891	0.000601989366745116	0.000307750328365102	0.00042578112744906	0.000934215724722168	0.000794996521350584	6.11931996794322e-05	0.000786767977584684	0.000463186514770339	0.000168505402036894	0.000422402808773018	0.000557856913584004	0.000966248802519478	0.000581846180484664	0.000184689395893136	0.000803675536754984	7.6124423271165e-05	0.000191904604450869	0.000897675066461604	0.000106766667140335	0.000376410626188648	0.00064949919118715	0.00066547454386559	0.000250704055211598	0.00086856316599655	0.000211001958370861	0.000287180529625473	6.51938298004001e-06	0.000361611140764201	0.000650883881716368	0.000362806904055735	0.00821490243353125	0.0132738490271524	0.00275951828190535	0.003837080331249	0.000113036957375046	0.0271198506878667	0.0468946183999988	0.0313914301126961	0.0347530190055189	0.061791911408841	0.00634730618142927	0.015818380985643	0.0258816946377619	0.102653325271661	0.343240277776451	0.00904873666559283	0.0778148582487929	0.00234041141092021	0.00337717135180364	0.00337717107247576	0.0415094845231138	0.0271876520707178	0.0628959102143112	0.0670225676666092
PC6	0.000322162931356962	0.000586314430570588	0.000649597189177287	0.000377468901289797	0.000601189974995398	1	0.000667421294686572	0.000309490256620954	0.000759719273357422	0.00140964689698882	0.000434868608092739	9.83715031349303e-05	0.000432620880166899	0.000593854913547974	0.000505937369138955	0.000104674261767881	2.68010459289179e-05	0.000146615301059364	0.000331913886210255	0.000100984580371572	0.000283174260618283	0.00063602749032941	0.000309446243862916	0.00050294337964705	0.000197601850898564	0.00063068310432713	5.11823804541962e-05	0.000238450740713842	0.000704761060776909	0.00102751711221075	0.000169767347078424	0.000710894285264262	0.000159793210469404	0.000283154165789634	7.48587224544527e-05	0.000276719669532969	0.000354983731330193	0.000145041236892175	0.00037001889709095	4.13537304975748e-05	0.0154952213079975	0.015457388504869	0.00644862942794488	0.037611540342934	0.0153033602161526	0.00392330791988002	0.17625810661346	0.0514898326485114	0.0200469407245969	0.126892809921188	0.0732889908861917	0.0317197915558014	0.00874346570856772	0.164027567985822	0.265386044545999	0.148006577909047	0.000309239919942359	0.00187569615688671	0.0020620976033533	0.00206207852458761	0.00690328243785357	0.012687608407001	0.0695243284425207	0.104028102539579
PC7	0.00198810483348011	0.00118088254002303	0.000212882379530554	0.000748492662273378	0.000412225078969885	0.000667421294686572	1	0.000219495606693912	0.000415500155029829	0.00179661962377105	0.00109772366350613	0.000784165824264247	0.00039336487136568	0.00162001427026116	0.000946377705306263	0.00200496187303654	0.000379495884060313	0.00111777946340946	0.000717528709631561	0.000252969066535255	0.00134611499036006	0.00151265281517514	0.000782131748003964	0.00173463110160528	0.00159082679975696	0.000189783068246865	0.000686677249833647	0.00152672408541338	4.85606080070054e-06	0.000272463865712848	0.000333733849746445	0.000775526397895739	0.000197522508227958	0.00112381413518344	0.000576988016407348	0.000637613163705345	0.000960627374866143	0.00105559163120045	0.000341145995237361	0.000142142224770525	0.0113640941372358	0.0308451975038867	0.0174953341527238	0.0231764888302566	0.056313535883379	0.0173326877041481	0.287193099850542	0.0400684119210189	0.0724532046794265	0.163064790387355	0.0181879408133037	0.0390100829144176	0.0343256708734069	0.318005721902904	0.418348787290213	0.296484517065482	0.123782575077965	0.00427272410939965	0.00588447751311705	0.00588447702163976	0.00669526459682884	0.0255521256108319	0.086469480474487	0.061875586673163
PC8	0.000362318698967838	0.00104165360710901	2.12035454798319e-05	0.000517591082557716	0.00018141492961652	0.000309490256620954	0.000219495606693912	1	0.000345859906179663	0.00117700388760683	0.000475432366316021	0.000101444707338296	8.12230416554179e-05	0.00131048037163837	0.0010194668852403	0.00190822060240366	0.000807624722698941	0.000236225578135935	0.000251733547958838	5.31956720198779e-06	0.000902715824975331	0.00059135867056416	1.46583611845439e-05	0.000446070659923073	0.000194580734404973	0.000411782133788943	0.000724564661750911	0.000380821670458827	0.000752300646561866	0.00109047039058058	0.000735103885254352	0.00145675597655207	0.00128624419702093	1.51025834674518e-06	0.00137155623139964	8.48228557923511e-05	0.000321393506111873	0.00043741586794822	8.11087604305569e-05	0.000807017365070599	0.0111987424000835	0.0174172356651165	0.0228009132145627	0.0100602561317888	0.0372910128941753	0.0156352070329621	0.0724087128013359	0.0336629188430942	0.0171469345203626	0.0723555448991905	0.0304863584593216	0.0286480815387285	0.0193101130410948	0.270246982201698	0.306208398693682	0.0637465093609985	0.193652470173398	0.00243364741187642	0.00259095608854317	0.00259094049570435	0.0269265344568022	0.0431900233644125	0.0496721724446137	0.166639977205642
PC9	0.000237332693922525	0.000286129654656401	0.000453979142165964	6.72716543489637e-05	0.000299354276344413	0.000759719273357422	0.000415500155029829	0.000345859906179663	1	0.000429172577321826	0.000913772711724737	0.000339133915741727	0.000467348323299415	0.000545000794963909	0.000934401369125142	0.00247915438568429	0.000637941535540735	8.29506598827951e-05	0.00112179778706482	0.000312657336330356	0.000850113811353576	0.000309896857961258	0.000849898083994864	0.000539567966062073	3.63502461369477e-05	9.43873679283089e-05	0.0006306066282167	0.000187966941552473	0.000188990616821584	0.000112975268296045	0.00100824385130145	0.000799828632654665	0.000851629443022282	0.000329157332595309	0.00159381355265448	0.000325536720928832	0.00021778463649805	0.000778240095767194	0.00168901574033848	0.00106977804256682	0.0235392987745995	0.0345133811870064	0.0310291586759773	0.0317845344396052	0.024348794014191	0.0183188143421137	0.098136635377128	0.00494464216554703	0.048181641660973	0.0610804659868783	0.0116535991401171	0.00951923212477034	0.00394140770923221	0.109414310426447	0.261655406312844	0.073310480006078	0.0836836088402466	0.00208135543078392	0.00249072748027209	0.00249067441544189	0.0894739172105352	0.0337815773963771	0.0396662661689704	0.03271042323167
PC10	0.000853719222707727	0.000765933255393976	0.000312973607895858	0.000373849383637702	0.000947561157670891	0.00140964689698882	0.00179661962377105	0.00117700388760683	0.000429172577321826	1	0.000219651643351679	0.00042449904896696	0.000383194495574127	0.0026214501080413	0.00167757450335651	0.00172397423717837	0.000270130258197861	0.000465048342833125	0.000392106962057904	0.000478108039816428	0.00199121260917004	0.0017651734480674	0.000350393568897763	0.000185817750325945	0.000683677727323681	0.00011149915520731	0.000157088783313398	0.00158989540969866	0.000208338918344694	0.000244320869716872	0.000443487109397563	0.00130047113723024	0.000745773452537717	0.000410456927277052	0.000399355855999704	0.000432991930340644	0.000692900654303889	0.000323825312111023	0.000271985556872236	0.000983189561122267	0.0113621191386036	0.0120688929585165	0.00596771940549059	0.0178779422975773	0.00224554584332025	0.0567289998758341	0.0619565843864539	9.68260675542334e-05	0.0503205033242467	0.0504248286705359	0.0238404036671181	0.0398424102767967	0.0360789137603967	0.0664475679546886	0.269315373801115	0.0610782125735811	0.00264937821114405	0.0032191607042725	0.00491969957990531	0.00491969878228651	0.0532737923453311	0.0457770203547042	0.0680824158228709	0.0518998430338963
PC11	0.00120612089436885	0.000274235634009827	7.25762851428637e-05	0.000669120878621518	0.000601989366745116	0.000434868608092739	0.00109772366350613	0.000475432366316021	0.000913772711724737	0.000219651643351679	1	0.00147528430598308	0.000572119310031551	0.00110223669154002	0.00110894238641178	0.00146945924191196	0.000801300782799191	0.000444785775522575	0.000442049263258623	0.000854573761898874	0.00101914316378407	0.00086195503388156	0.00201182592272438	0.00130165422520672	0.000536038878020433	0.000205847931503163	0.000566454934925128	4.96104423585823e-05	0.000283359178919364	0.000934639554061788	0.000224434729763244	0.00095648805656006	0.00160217722248682	0.000317296764672181	0.000515853619213049	0.000757700424295218	0.000709763348027965	0.000266969121477323	0.00110309268428754	0.000647241948324747	0.048384676124077	0.0131239558091431	0.066221739000197	0.0244235640825878	0.0332966921302323	0.0653329242130037	0.0127922175708642	0.0243312817234177	0.0536603073192158	0.0562027668447259	0.0520247090269208	0.065917516670159	0.0539597857973995	0.2674683416989	0.298832975374648	0.00504915121181144	0.0887331290664914	0.00326220914953697	0.00460920549220759	0.00460916885595906	0.0249201092488242	0.052012315494622	0.0153795395815421	0.175529303100422
PC12	0.00128591818450092	0.000229484807805658	0.000420295947748351	0.00124149768248899	0.000307750328365102	9.83715031349303e-05	0.000784165824264247	0.000101444707338296	0.000339133915741727	0.00042449904896696	0.00147528430598308	1	0.000170384508237243	0.00140729497033247	0.0010663685968297	0.00207688323085817	0.00251569595443136	0.00113125166410101	0.000636975650365792	0.00108240935371912	0.000196614688880615	0.00174187472466507	0.00141185691962413	0.000718304099928935	0.00095251023491039	0.000216492045615291	0.000828106919850611	0.000503995347117991	0.000946454248638486	0.000469936239499905	0.000149098340731146	0.000541869081165365	0.00165017880325195	0.000562093814440282	0.00075668463260665	3.33783143232173e-05	0.00077897699163675	1.70351562748532e-05	0.00188002699425472	0.00153710188983856	0.0133570290190975	0.0144372566436828	0.0321325783494647	0.000493710047145878	0.023088044459212	0.058107834349352	0.079683143699381	0.0516974838350668	0.0359761776886796	0.0786142708546713	0.0658426361258833	0.0619970408031939	0.0366205816471831	0.124009112826731	0.331223843383869	0.112057208856797	0.0233449226636201	0.00150893372021251	0.00254427166780895	0.00254425815979008	0.050823581048363	0.175389629478635	0.0857363768973323	0.0216400329611235
PC13	0.000642414278238491	0.000821314478097806	0.000280327553117651	0.000717495899203009	0.00042578112744906	0.000432620880166899	0.00039336487136568	8.12230416554179e-05	0.000467348323299415	0.000383194495574127	0.000572119310031551	0.000170384508237243	1	0.00125181692962469	0.0019974149310176	0.00212248839435351	0.000661865077505646	0.0014577437183041	0.000244671765331871	0.000846710175557379	0.00151296241745325	0.000839502800622272	0.00243170486729298	0.000523956148804615	0.000190427595282983	1.67403743282207e-05	0.000822141663350722	4.23965519268064e-05	0.000813325964970668	0.00117087106093037	0.00196313353179199	0.00188826909269134	0.0027360571828578	4.71985169320072e-05	0.00217172170434338	0.00192738665011521	0.000120883978108181	0.000729823178734177	0.0018214578103555	0.00149412679597215	0.00995569432135817	0.0156961454972952	0.00887957569586406	0.012986936339494	0.0240783855883017	0.0781593541085988	0.00263409479846504	0.035108890747183	0.0146170256579338	0.0820411325776723	0.0423236902314725	0.0436621688933814	0.0288564219926463	0.0353547791802416	0.379409660900759	0.0176375739194223	0.00725122473427608	0.00403230727391687	0.00436794483291476	0.00436794173951189	0.0610780362390583	0.208817186759412	0.0222407549446127	0.0638128191550787
PC14	0.000286326406188767	0.000229193333277499	0.000393090366393223	0.00140963204845386	0.000934215724722168	0.000593854913547974	0.00162001427026116	0.00131048037163837	0.000545000794963909	0.0026214501080413	0.00110223669154002	0.00140729497033247	0.00125181692962469	1	0.000727022569654296	0.00353343927526004	0.00205269142189297	0.000170665407304258	2.08334580705217e-05	0.000316958350945058	0.000730987521589859	0.000185954015160009	0.000472156604021108	0.000107063818586898	0.000206283493682931	0.00148848824126665	0.000106435583533945	0.000271616146136765	0.000633186586785193	0.000855240426900384	0.000380200861755367	0.00175627207656646	0.0014672963159447	0.000490231213603778	0.000370730055939638	0.000327360204070279	0.000719337264712598	3.67734784277997e-05	0.0011388645858899	0.00127248028978794	0.0251165873870311	0.0210871709671829	0.0199660188894773	0.00363426202020988	0.000530347661143203	0.0016771283392382	0.0221522358602708	0.0123655039622174	0.0269758335933024	0.0123587632403079	0.00749941775919523	0.00982317507934523	0.0129832341896672	0.0446910553164917	0.230419855253892	0.0310926560246974	0.0473906326137693	0.00625510273991163	0.00785122657674472	0.00785122590679516	0.107810710415561	0.0221842675001714	0.0613240127494606	0.0253331417782298
PC15	0.000503593035751921	0.00183228600168184	0.000338596766311624	0.00010023244025273	0.000794996521350584	0.000505937369138955	0.000946377705306263	0.0010194668852403	0.000934401369125142	0.00167757450335651	0.00110894238641178	0.0010663685968297	0.0019974149310176	0.000727022569654296	1	0.00433691716911727	0.00146757892285068	0.000204967449424514	0.000584210037039268	0.00270443297539067	0.00484233488753235	0.00121625426767414	0.00415280061627844	0.00286016735223195	4.55348137346932e-05	0.000343167507254728	0.000899861701059674	0.00134255145758851	0.000885892424961869	0.00115379871805228	0.000767491371847908	0.000390470190014802	0.00291878554712311	0.00100586033031933	0.00298711550390784	0.000478604815101929	0.000737369836493305	0.00105173906360133	0.00213216539954831	0.00244524613015223	0.0227139205816317	0.0244234970929197	0.00988611295001428	0.0138998909754645	0.00286064710090646	0.0848394829322185	0.0183716609851173	0.0250210512233073	0.017897738672002	0.0661241963832587	0.0384509439199483	0.0574355624565107	0.0529395085332715	0.0338997848061118	0.328269482002952	0.0307207004052731	0.0267866884251271	0.00390598465258923	0.00705396687977569	0.00705394465957057	0.0302125727166275	0.00663110535243908	0.0122096117861873	0.00656005428126356
PC16	0.00155206961567218	6.08211915960419e-06	6.07144344024875e-05	0.00194446670217334	6.11931996794322e-05	0.000104674261767881	0.00200496187303654	0.00190822060240366	0.00247915438568429	0.00172397423717837	0.00146945924191196	0.00207688323085817	0.00212248839435351	0.00353343927526004	0.00433691716911727	1	0.00383904660624628	0.000316940074595568	0.00142213049380634	0.00156137729585384	0.00523911521630903	0.00118572052347821	0.00358584866471721	0.00190336784118768	0.00015346904834206	0.00101827430617082	0.00282830726153558	0.000105565637988574	0.00185504190241457	0.00286452967344578	0.00226580723541022	0.00129773433035789	0.00450228048817662	0.00157934734457776	0.00506915290895834	0.00195028900319708	0.000415307491283599	0.00171477420559276	0.00421404450321256	0.00424406139372934	0.00857498395392041	0.0115773908705957	0.0287814054256899	0.0124348586021081	0.0137508368837855	0.0982172305506993	0.0173645513389717	0.0269898768742935	0.0296897772945779	0.10067412725239	0.0103404714491831	0.00503989746503409	0.0102033298389341	0.0482454127525967	0.362415659108274	0.0488379000299235	0.0244877803561257	0.0038593135202681	0.00480862710284832	0.00480862075146067	0.0184952436201389	0.159779308998692	0.011470089384923	0.000846923827218908
PC17	0.00103793462329809	0.000447824345228661	0.00233520740632067	0.000502576082542693	0.000786767977584684	2.68010459289179e-05	0.000379495884060313	0.000807624722698941	0.000637941535540735	0.000270130258197861	0.000801300782799191	0.00251569595443136	0.000661865077505646	0.00205269142189297	0.00146757892285068	0.00383904660624628	1	0.00231929007611294	0.00117486243327579	0.00123759258628087	0.00136628471174015	0.00173087403857051	0.00140079768025145	0.00104955458857228	0.00126149404435819	0.00104724343624586	0.000100983578428375	0.000322389606160128	0.00226159875958823	0.00187633284818049	0.000394366419824089	0.000128035167300397	0.00156608706209701	0.000463421513168232	0.00175017987473083	3.29108482565125e-05	0.000394033074137462	0.000477135668022796	0.00155061477220011	0.0028055374805849	0.0182731972180885	0.00438457087687539	0.0148695127618018	0.011784957497949	0.0357365435261508	0.0542586486842732	0.0213754785430368	0.00999735694493083	0.0222509135470216	0.0522623676652829	0.0216891750934552	0.0298182321830733	0.0519865544435167	0.12660951043732	0.426864823462974	0.0228326615659383	0.0459596184033914	0.00274293538851512	0.00338189519136595	0.00338182783058844	0.0276273360485138	0.199832920706468	0.00417726688285031	0.0374510237878869
PC18	0.00142954559322024	0.000453622678228403	0.000923232967584828	0.000838142174003418	0.000463186514770339	0.000146615301059364	0.00111777946340946	0.000236225578135935	8.29506598827951e-05	0.000465048342833125	0.000444785775522575	0.00113125166410101	0.0014577437183041	0.000170665407304258	0.000204967449424514	0.000316940074595568	0.00231929007611294	1	0.000225873875325959	0.000189834544862847	0.000337742772740813	0.000391432138926607	0.00122972293068627	0.000495065082743132	0.00121160869541338	0.000375140948549225	0.000543434246339375	0.000425982284505223	0.000612280616003735	0.000175524677102885	0.00111828782594669	7.25776977008306e-05	0.000731282100464447	0.000191811575616168	0.000882123180467325	0.00138630373467163	0.000510464255750167	0.000541525989460387	0.000468711592487021	0.00102405757378667	0.0113129204168668	0.0158931525290936	0.0160818521325029	0.00466341362015136	0.00844958499739807	0.0580308677385377	0.00273229580896423	0.0308800028267764	0.0333542105326333	0.0734069263188873	0.0404077988852809	0.0211028110677682	0.00200176121098794	0.0861068130848957	0.522545486107831	0.0238030010573948	0.00456500657169176	0.00261631113535326	0.00304336745303708	0.00304334455867356	0.0199626183131478	0.235456423328749	0.00137235653680995	0.0195351550482694
PC19	0.000281176999442124	7.44633198103105e-05	0.000317051038320392	7.88028550788621e-05	0.000168505402036894	0.000331913886210255	0.000717528709631561	0.000251733547958838	0.00112179778706482	0.000392106962057904	0.000442049263258623	0.000636975650365792	0.000244671765331871	2.08334580705217e-05	0.000584210037039268	0.00142213049380634	0.00117486243327579	0.000225873875325959	1	2.85023841777076e-05	0.000568827592230032	0.000819273912527944	0.000939001319071208	0.000731304889304571	0.00111672769114758	0.000364800638416742	0.000372573021685337	0.000536326458159205	9.84666357916517e-05	9.71545457861987e-05	0.00064413722624137	0.000742651918352503	0.000269175589072522	0.00041144690709159	0.00102112761890123	0.000654829155419757	0.000161070640698936	0.000408482090155789	0.00127587604309612	0.000761346620896728	0.00176236277435176	0.00565680140347923	0.0167148268243408	0.00305599029888618	0.00143438299588189	0.0046680186955032	0.120250943270671	0.0714815861051915	0.0432865865079113	0.0935329986333042	0.0568251716302161	0.0100733323071195	0.0305981159916138	0.136725868158682	0.292172169941843	0.112046951082923	0.0731509015045605	0.0021649395289256	0.00251923980995828	0.0025192244343812	0.0125917865882951	0.0593949681654452	0.0191875966232468	0.00362776497516493
PC20	0.000716858475597588	0.00165936073319789	7.03865127001323e-05	4.0253416073457e-05	0.000422402808773018	0.000100984580371572	0.000252969066535255	5.31956720198779e-06	0.000312657336330356	0.000478108039816428	0.000854573761898874	0.00108240935371912	0.000846710175557379	0.000316958350945058	0.00270443297539067	0.00156137729585384	0.00123759258628087	0.000189834544862847	2.85023841777076e-05	1	0.00273357747947496	0.000630849937452606	0.00281170661508106	0.00161732498209824	0.00021317294173675	0.000500404933050804	0.000208493843227931	0.000487154557968855	0.000841361481742832	0.00123875696285392	2.01552743701264e-05	0.000188650634891985	0.00195151698349753	0.000683457773087401	0.000999417126213262	0.000432015562625313	0.00051935093415102	0.000208828712340978	0.000756039063837198	0.00129177027624576	0.0017420020530679	0.00331057833396801	0.00286246153433583	0.00525001893422178	0.00311384512788954	0.05106309130696	0.0537220649566463	0.0365131428994705	0.0445091087272025	0.0683889288420228	0.0320784968522518	0.0338942481327275	0.0172923621253757	0.062813813139025	0.304671689109995	0.0443879222937957	0.0261979842328107	0.00303229883676328	0.00484788621848843	0.00484788563745478	0.00702269876794953	0.014582205946193	0.03245881825287	0.00847473264556934
PC21	0.000878932930453064	0.0013749993205465	0.000858889664807402	0.000393832032287994	0.000557856913584004	0.000283174260618283	0.00134611499036006	0.000902715824975331	0.000850113811353576	0.00199121260917004	0.00101914316378407	0.000196614688880615	0.00151296241745325	0.000730987521589859	0.00484233488753235	0.00523911521630903	0.00136628471174015	0.000337742772740813	0.000568827592230032	0.00273357747947496	1	0.00135996906342893	0.00410977142896511	0.00301704813414101	0.000969139686707907	0.000362402795404204	0.00136215117624138	0.00239613332325106	0.000894921813685487	0.00172633782223085	0.0005895449986194	0.000132696729272399	0.00202742389326025	0.000280494604826998	0.00299878816332574	0.000916239772208829	0.000233379042071489	0.00144514095670279	0.00208925374822171	0.00186865849724414	0.00754611088384382	0.0106872780726088	0.0124212401445134	0.0126856467715215	0.00461665345951995	0.0317302039314839	0.00912956644035592	0.0108393076712554	0.0146979536926311	0.0442720412327944	0.0201806156957757	0.0339918152596341	0.0309476037867077	0.0810775555623949	0.292414550715381	0.0312233855638496	0.0186599174720767	0.00395869000845429	0.00720522524353845	0.00720519006049045	0.0104064516067783	0.0291534677256281	0.0145554207271176	0.0452313117995382
PC22	0.00111433564630905	0.000354189337217158	0.00120046581069358	0.00083266800358933	0.000966248802519478	0.00063602749032941	0.00151265281517514	0.00059135867056416	0.000309896857961258	0.0017651734480674	0.00086195503388156	0.00174187472466507	0.000839502800622272	0.000185954015160009	0.00121625426767414	0.00118572052347821	0.00173087403857051	0.000391432138926607	0.000819273912527944	0.000630849937452606	0.00135996906342893	1	8.89909067652026e-05	0.000657258803206374	0.00105803072730456	0.000699359637577642	0.000210870065476694	0.00088086724708555	0.00088529596812198	0.00123699489152455	0.00138373023305075	0.000733348499567989	0.0012865969431104	0.00106051193233183	0.000260303724358528	0.00141778102883914	0.000280326126559287	0.000186316627878991	0.00138527363124384	0.00183072485670368	0.00675105218059841	0.0160326976881361	0.00809579130061637	0.0173190115648234	0.0141901422290929	0.185609859459989	0.0315812305338888	0.0641827256512154	0.0331951072090322	0.120220558479256	0.0375124199963564	0.0206006873077824	0.000299904690691513	0.0340170837517394	0.529205755252998	0.038865365536713	0.0390214336530393	0.003243852021567	0.00502855198556732	0.00502839900666023	0.0244291045673147	0.0889086285926251	0.047223337920973	0.0166034266774731
PC23	0.000363371782858733	0.000515679046647587	0.000137525301055228	0.000207707153617248	0.000581846180484664	0.000309446243862916	0.000782131748003964	1.46583611845439e-05	0.000849898083994864	0.000350393568897763	0.00201182592272438	0.00141185691962413	0.00243170486729298	0.000472156604021108	0.00415280061627844	0.00358584866471721	0.00140079768025145	0.00122972293068627	0.000939001319071208	0.00281170661508106	0.00410977142896511	8.89909067652026e-05	1	0.00184714613434271	0.000496943209050914	0.00032306083350212	0.000978098106360391	0.00133375656023911	0.00118823249788608	0.00218840898266499	0.00086424914343823	0.000325412857433094	0.00315280436775573	0.000587756897139004	0.00267974269699799	0.0014872411140705	0.000663464372132773	0.00103899421253351	0.00162973362657536	0.00163530837723385	0.00724701768307265	0.0176672415265178	2.1647852727293e-05	0.0191917653778385	0.00806130811029344	0.042621098484488	0.00341495068550998	0.00350548586108602	0.0357965675836526	0.0501320105761076	0.0119307140483161	0.00779310583229645	0.0180648589262374	0.0364876114541899	0.337740133180922	0.0372998742198737	0.0488968648405532	0.00513935186228714	0.00872919410331885	0.0087291926653416	0.00100510952988175	0.168658778541898	0.0294612884469638	0.0517499883502059
PC24	0.000264013544970173	0.00167819322599552	0.000534992025085275	0.000588698727259708	0.000184689395893136	0.00050294337964705	0.00173463110160528	0.000446070659923073	0.000539567966062073	0.000185817750325945	0.00130165422520672	0.000718304099928935	0.000523956148804615	0.000107063818586898	0.00286016735223195	0.00190336784118768	0.00104955458857228	0.000495065082743132	0.000731304889304571	0.00161732498209824	0.00301704813414101	0.000657258803206374	0.00184714613434271	1	0.00179829169882262	0.000724265291184181	0.000625744127536125	0.000602224186025208	0.000382088034703913	0.00019151975550394	0.000953146041361645	0.00110443362149417	0.00200159778391243	0.00052894339098333	0.00101891810169967	7.08826450575989e-05	0.000419094025427738	0.00100525016315672	0.00157771758334348	0.00192622226680735	0.012516397678066	0.02089139140292	0.000897343647161759	0.00208760804308517	0.00851105720626654	0.0316493011918854	0.0176227019196609	0.0207523806779266	0.00912472789345499	0.0272546930646799	0.0354064279545906	0.00916661944605622	0.0142597817407111	0.107460325187733	0.298643268558379	0.0272135216467907	0.011741320565854	0.0037263221690468	0.0062251906636893	0.00622498224018518	0.0115931874045512	0.0163571853050005	0.0082597424170935	0.00326248837372629
PC25	0.000747174625343533	0.00101854321685211	0.00110849265748148	0.000336456405203582	0.000803675536754984	0.000197601850898564	0.00159082679975696	0.000194580734404973	3.63502461369477e-05	0.000683677727323681	0.000536038878020433	0.00095251023491039	0.000190427595282983	0.000206283493682931	4.55348137346932e-05	0.00015346904834206	0.00126149404435819	0.00121160869541338	0.00111672769114758	0.00021317294173675	0.000969139686707907	0.00105803072730456	0.000496943209050914	0.00179829169882262	1	0.0001895160024668	0.000254855408290178	0.000645962814994384	0.000492940745376931	0.000596670889336218	5.87081070323363e-05	0.00222274840340134	0.000633741142729568	0.000778296322120773	0.000627094555209209	0.000587807142423812	5.68145476298213e-05	0.000126965074600057	0.000242372673488448	0.00119380780081299	0.0150406726467379	0.013901521138771	0.00384327650284092	0.00122020830802523	0.0219723016317176	0.00278754935749367	0.0600277840026485	0.0209257040827175	0.095301231436949	0.0325424706859723	0.0064339932163816	0.00286039128918357	0.00966222398285046	0.0888372891169672	0.27368263488724	0.00442653571258646	0.0326023973633099	0.00268532188703556	0.00416859439827693	0.00416857737867568	0.00360865426401947	0.063842446124183	0.0251264710373403	0.049908486364446
PC26	0.000287971449608499	0.000198198591823228	0.000874471621878797	0.000696651533059282	7.6124423271165e-05	0.00063068310432713	0.000189783068246865	0.000411782133788943	9.43873679283089e-05	0.00011149915520731	0.000205847931503163	0.000216492045615291	1.67403743282207e-05	0.00148848824126665	0.000343167507254728	0.00101827430617082	0.00104724343624586	0.000375140948549225	0.000364800638416742	0.000500404933050804	0.000362402795404204	0.000699359637577642	0.00032306083350212	0.000724265291184181	0.0001895160024668	1	0.000499975089682121	0.000293981701657259	0.00036513255483424	0.000831132010057058	0.00021691448656425	0.000372676875138235	0.000164560533793053	0.000252059721752794	0.000350351448762358	0.000294332290034273	0.000522458365715907	0.000156097619486811	0.000319462866043892	0.000118014655195698	0.0382994819500687	0.043434158245612	0.0119623412427347	0.00769833178519805	0.00458011803562804	0.0545375830018201	0.0309135657441268	0.0309399066456358	0.0597536636847845	0.0674243660008796	0.0243030901349957	0.014201853211139	0.00375066456808751	0.125884106457283	0.376863650926889	0.037725919587257	0.0386855735753303	0.0024447237557454	0.00319884744604931	0.0031988290406746	0.00935198455468484	0.0197079257114531	0.0659844960353642	0.0436081347086435
PC27	0.000850504465889634	0.00051200425038119	0.000798815624006473	0.00101585234013265	0.000191904604450869	5.11823804541962e-05	0.000686677249833647	0.000724564661750911	0.0006306066282167	0.000157088783313398	0.000566454934925128	0.000828106919850611	0.000822141663350722	0.000106435583533945	0.000899861701059674	0.00282830726153558	0.000100983578428375	0.000543434246339375	0.000372573021685337	0.000208493843227931	0.00136215117624138	0.000210870065476694	0.000978098106360391	0.000625744127536125	0.000254855408290178	0.000499975089682121	1	0.000445723542544546	0.000146106640152645	0.000384642373901825	0.000946013185076575	0.00109787290496051	0.000800476429838698	0.000333147263243687	0.00158647019185206	0.000746563030462337	0.00125524321178121	0.000305843199810065	0.000520586418073297	0.000143873486369088	0.00858615007643273	0.00494354242408237	0.0116398159715769	0.000362744619520127	0.00349351469908164	0.134263168439076	0.037976746333886	0.000590024078496057	0.0607704891446579	0.104181669604546	0.00826669653173256	0.011723560811051	0.00794398808005118	0.0522759543961482	0.382086824176493	0.067623374261486	0.024349932048973	0.00227377147739181	0.0025655956520778	0.00256546308245752	0.000216609186882302	0.0230251065643726	0.00451393655307627	0.0376908781405403
PC28	0.000255862694026211	0.000586996478687714	0.000609242378122207	0.00145966353114668	0.000897675066461604	0.000238450740713842	0.00152672408541338	0.000380821670458827	0.000187966941552473	0.00158989540969866	4.96104423585823e-05	0.000503995347117991	4.23965519268064e-05	0.000271616146136765	0.00134255145758851	0.000105565637988574	0.000322389606160128	0.000425982284505223	0.000536326458159205	0.000487154557968855	0.00239613332325106	0.00088086724708555	0.00133375656023911	0.000602224186025208	0.000645962814994384	0.000293981701657259	0.000445723542544546	1	0.00010791141186793	3.36685403699941e-06	0.000919068937815834	0.00106513854259401	0.000513073070054826	0.000671671814487583	4.85129833744623e-05	0.00159512452618504	0.000838221316189798	0.00131956695285523	0.000608708694421861	0.000633436631015673	0.0201305466501562	0.00131022266370172	0.0232479073074618	0.00899848986565937	0.0333925817561818	0.0824213181049385	0.11261093591476	0.00747566626548901	0.0107972231744092	0.0963815983712777	0.00517186497410886	0.00513772365679094	0.00694298681495118	0.124845529309495	0.379049642186907	0.0563972798622447	0.0100426400159862	0.00492643514012154	0.00644963458619801	0.00644963186221246	0.00331645700697213	0.0820855840139656	0.0323762901799427	0.00822469367926408
PC29	0.000862526644967304	0.00049596158921237	0.00116959197228929	2.8085180571374e-05	0.000106766667140335	0.000704761060776909	4.85606080070054e-06	0.000752300646561866	0.000188990616821584	0.000208338918344694	0.000283359178919364	0.000946454248638486	0.000813325964970668	0.000633186586785193	0.000885892424961869	0.00185504190241457	0.00226159875958823	0.000612280616003735	9.84666357916517e-05	0.000841361481742832	0.000894921813685487	0.00088529596812198	0.00118823249788608	0.000382088034703913	0.000492940745376931	0.00036513255483424	0.000146106640152645	0.00010791141186793	1	0.00174657967561439	0.000294099320049728	0.00108558572177971	0.00144438351736247	0.000181137962822918	0.00155345206443507	1.72373121554064e-05	9.49532588652951e-05	0.000686475931224304	0.00080033817413956	0.00242035840163312	0.00952514408436652	0.00143207186430522	0.0305562582084892	0.00730750525829704	0.0341779511890625	0.134068884705127	0.0638361105455738	0.0213546887031754	0.0402453864215368	0.13369193170293	0.0296990786635243	0.0419788912039573	0.026718746814269	0.0614548321019769	0.469974798373876	0.0994912725649655	0.0655772503904719	0.00267764031483936	0.00289364407037145	0.00289337627045181	0.0137062586243649	0.0422001225638565	0.0125789906780949	0.0394028313920309
PC30	0.00158493567266849	0.0010176799752507	0.000872734639798321	0.000253051845241409	0.000376410626188648	0.00102751711221075	0.000272463865712848	0.00109047039058058	0.000112975268296045	0.000244320869716872	0.000934639554061788	0.000469936239499905	0.00117087106093037	0.000855240426900384	0.00115379871805228	0.00286452967344578	0.00187633284818049	0.000175524677102885	9.71545457861987e-05	0.00123875696285392	0.00172633782223085	0.00123699489152455	0.00218840898266499	0.00019151975550394	0.000596670889336218	0.000831132010057058	0.000384642373901825	3.36685403699941e-06	0.00174657967561439	1	0.000828087225543665	0.00129118256917592	0.002927328741643	0.000355144497707217	0.00235030797667193	0.0011713350449004	0.000122001620919045	0.000129397624713217	0.000865493112749889	0.00236628643330407	0.0114630505854988	0.0168878960347709	0.0155705195468753	0.00273974692793094	0.00377317168499404	0.0685155389779864	0.00995968453970892	0.0165255961343684	0.00515948599063203	0.100100329531385	0.000115959801546829	0.00593336285761485	0.00593674160401054	0.0876705245036595	0.346496458155404	0.0281763171345895	0.0349956418829846	0.00383917975261414	0.00410118224995611	0.00410113514089283	0.0111656752657856	0.0144811783284699	0.0279055047196686	0.0166037091763632
PC31	0.000811882571594119	0.00107187708807429	0.000311917966520877	0.000954776387175352	0.00064949919118715	0.000169767347078424	0.000333733849746445	0.000735103885254352	0.00100824385130145	0.000443487109397563	0.000224434729763244	0.000149098340731146	0.00196313353179199	0.000380200861755367	0.000767491371847908	0.00226580723541022	0.000394366419824089	0.00111828782594669	0.00064413722624137	2.01552743701264e-05	0.0005895449986194	0.00138373023305075	0.00086424914343823	0.000953146041361645	5.87081070323363e-05	0.00021691448656425	0.000946013185076575	0.000919068937815834	0.000294099320049728	0.000828087225543665	1	0.00211015923344559	0.00148219285763192	7.06671552999725e-05	0.0026964421080491	0.00176708348721998	0.000233239848561169	0.000521130316169123	0.00108120682272498	0.00105388779248497	0.00152753279848887	0.0343734225214988	0.0200790591068187	0.00692819990783607	0.00547221603590789	0.0460306628207255	0.0002110293086174	0.0603269738568504	0.117884899483404	0.0284270193656373	0.0532301243285515	0.0263574745129182	0.00327318115620533	0.0788775343432613	0.295892464383026	0.0113774176876753	0.0202289916283122	0.00327359303131557	0.00469244175767388	0.00469243402934274	0.0185212028986692	0.00201636505619168	0.00211730648236355	0.0345411188839857
