PC1	PC2	PC3	PC4	PC5	PC6	PC7	PC8	PC9	PC10	PC11	PC12	PC13	PC14	PC15	PC16	PC17	PC18	PC19	PC20	PC21	PC22	PC23	PC24	PC25	PC26	PC27	PC28	PC29	PC30	PC31	PC32	PC33	PC34	PC35	PC36	PC37	PC38	PC39	PC40	gPC1	gPC2	gPC3	gPC4	gPC5	PCR	Cohort	Sex	Age	Ethnicity	Height	Weight	BMI	Death cause	Batch ID	Ischemic time	RIN Number	Tissue Type	Tissue	Uberon ID	Intragenic Rate	Total Mapping Rate	Exonic Mapping Rate	rRNA Rate
PC1	1	0.00060017398742108	9.39605953322313e-05	7.58013310092166e-05	0.000101155571716383	0.000516931368079309	0.000431758889454346	0.000292598509349133	0.00165569594698476	3.68308579068236e-05	0.000407951046898899	0.00175608784249677	0.00135453270017066	0.000232069421853371	0.00145478934596694	0.00100366518608947	0.00117097822297692	0.00170509929136684	0.000674537991706686	0.000468532679157307	0.000692715052686252	0.00103063037208926	0.000455126776201012	0.000520429565720892	0.000186888007951079	9.80886138976563e-05	0.00221599824242423	0.000609887620507	0.000871487857668118	0.000625929984478719	5.40810234295214e-05	3.05244974615018e-06	0.00040300214975878	3.38098555993961e-05	0.0004665810161688	4.38136587623607e-05	0.000540347631562649	0.000193668011596159	0.000643851458714736	0.000378480268285046	0.000230419108752218	2.7616987215714e-05	0.000176251726540884	8.24305534560619e-05	0.000386891025254036	0.000600435653828018	0.000932408882429037	0.000389049925007484	0.000323969983378738	0.00332144787759851	0.000829286672349737	0.000121880917160304	0.000375081954879187	0.00106625154673235	0.243164403409715	0.0182180527344295	0.191785677841477	0.182567625010775	0.185212451706098	0.185202872341793	0.0928870604741518	0.0161541908389965	0.391792448649429	0.042943038599775
PC2	0.00060017398742108	1	0.000371790030926317	3.49064543229722e-06	0.000518241858757381	0.000276548597316906	0.000498147770209714	0.000324412393105986	0.000957914551901789	0.000280922850289664	0.00126937727183091	0.000148381423120681	0.000657904072437179	0.001068741485828	0.000827734578272129	0.000598440883778729	0.00129513079174918	0.000432410230354639	7.69248424837415e-05	0.000347388928905312	0.000461735521860523	0.000862513369850252	0.000531516724812595	0.000552657171076974	0.000526898211478464	6.0805290912869e-05	5.34100443369614e-05	0.000188910329065036	0.000122567184007107	0.000507676564244944	0.00179803154214988	0.000687224619480386	0.00124785289588327	0.000471793270018278	0.000974838027426091	0.000647588699900185	0.00143636109140124	0.000591524648874997	0.000551636388993463	0.000160042207216379	0.000480637376497783	0.00020008435670927	0.000340837960507343	5.0026099722658e-05	0.00029655989176144	6.36975410053713e-05	5.64152985887169e-05	0.000163574469707015	0.00020851130779024	0.000652035812362614	0.000110272621492567	0.00033002278230751	0.000471061555290402	0.000277698771607422	0.468247417800097	0.00230364899405386	0.192588558574697	0.0277671861392468	0.0296851427083913	0.0296799104525865	0.0033645971254541	0.048577932151036	0.137506113857396	0.0643322735309745
PC3	9.39605953322313e-05	0.000371790030926317	1	0.000372801918015093	0.000130976521885433	0.000499161298545984	0.00127169259665054	0.000809168034429214	0.00069514529586581	0.000358329038893473	0.000837851987951693	0.000535925200811702	0.000892530848105737	9.15667977826277e-05	1.00258659884588e-05	0.000757906906760353	0.000249351674614626	0.000521277387310429	0.000270446483009219	0.0016963276817456	4.23626254869341e-05	0.000479844055575907	0.00134380668025734	0.000826550613586267	0.000806379899015635	0.000450707582750093	2.08683159867752e-05	0.000148225185029164	0.000330077883979053	0.00108174679150392	9.83101127544784e-05	0.000564514642898721	0.000691741063136683	0.000293928492791898	0.000744070608589529	0.000501464425073783	0.000144536614796169	0.000846126297094447	4.35454972444495e-05	0.000454526886760002	0.000696420397342738	0.000557534831044337	0.000798221162658452	8.66103407319505e-05	0.00039567901325854	0.000810129780257176	0.000164261006222407	0.000297431469921863	5.11408843191187e-05	0.00154758053776395	0.000438460246255518	0.000249569480856271	3.49437442171609e-05	0.00070540615153028	0.230604219625433	0.00676522788555329	0.120651344636639	0.0995397163554797	0.101631168240979	0.101629096350509	0.0800481999025505	0.0185835844092975	0.136467079829304	0.0764755150855137
PC4	7.58013310092166e-05	3.49064543229722e-06	0.000372801918015093	1	0.000486810307127332	0.000289956764093042	0.000366625675099397	0.00106586092284889	0.000300566045657049	0.000600142801830895	0.000301916709599144	0.000787334536960822	0.000207669255964587	0.000451818155205411	0.000863451087568396	0.00105052246375739	0.00139621582356073	0.000612347297072286	8.16853650136493e-05	0.00034525423954109	0.000310800276202536	0.00119956859152942	0.000617472829231296	0.000831190429107217	0.000473095440424227	0.000510707536850048	0.000694372445145277	0.000524869195067916	0.000493984496832155	0.000594965238486579	0.0010494167916542	0.000400974503072941	0.000474887877728643	6.21868831745098e-05	0.000774209252776322	0.000134261494611741	0.000682733372076165	0.000304847504977123	9.93493609804052e-05	0.0011468605937212	0.000231238990818394	3.75213641871427e-05	0.000268014290951169	0.000104503648263741	0.000135291252380277	0.000134677557781164	2.98636626807815e-05	0.000882078709691305	0.000244409059907264	0.000113464960312864	0.000362637551625257	0.000485549177388323	0.000332926946976611	0.000549159888764026	0.232093998733483	0.00184320902112481	0.0140998975634582	0.0305814786056412	0.0390874543611435	0.0390709543497331	0.0474788738064981	0.0224572716344961	0.0491136577980379	0.0310696687517199
PC5	0.000101155571716383	0.000518241858757381	0.000130976521885433	0.000486810307127332	1	0.00100446696680368	0.00108236010712132	0.000159311396702394	0.000955659775052161	0.000564286180581349	0.000499583198819716	0.000165999602301617	0.000415336088376683	0.00118355251841571	0.00174603801385873	0.00010549171924535	0.000404656288791902	0.000616393504682788	0.000466436941559975	0.000495045205363322	0.00059490053303673	0.00115422499160905	7.77165564205548e-05	4.08364811640741e-05	0.000718997590342388	0.000302389596311027	3.41696251999948e-05	6.40875116200163e-05	0.00109097731900796	5.34362007195872e-05	0.000253790663956571	0.000290868985562284	0.000511513612889699	0.00025056095561579	0.000533194043101958	4.46266095566713e-05	0.000274990264856379	9.70025028374736e-05	0.000185874800682243	0.000112081441725908	4.45307869674696e-05	0.000449607251527365	0.000181853792855599	0.000200767876761025	0.000290084010891058	8.69860374264585e-06	0.000118460414899924	6.93753331117491e-05	0.000207902285987431	0.000635498927054862	0.000466028843930976	0.00056836955916059	0.000398058950344999	0.000713457781165309	0.353045963875846	0.00536014973916472	0.103781266633474	0.0376194295039846	0.0406028039990111	0.0405586769856297	0.0253676665884494	0.0205149643651954	0.00902460457035505	0.0900257027429985
PC6	0.000516931368079309	0.000276548597316906	0.000499161298545984	0.000289956764093042	0.00100446696680368	1	0.000214386941593234	0.000868159599096086	0.0015943459773431	0.000694587650827451	0.000967896574558812	0.000312072683533349	0.000277338453701006	1.55667656893035e-05	0.000560875307720359	0.000423810543632919	0.00125545580709539	0.000147642352893669	0.00049008421249081	3.64261775129004e-05	0.000147498186108933	0.000402046694093989	0.00168281689507941	0.000186554236228053	0.00147788618508482	0.000820107284594571	0.00098079978169459	3.72606833535898e-05	0.000824045763894681	0.00150084916241207	0.000658589575010558	0.000422743079459729	0.000626084086089411	0.000357357278862882	0.0010579707280262	0.000268050853093508	0.000624696229025725	0.00104168175455794	0.000839245293117699	0.000250445631074811	2.52958354933844e-05	0.000120292898549363	4.06607074337058e-05	1.07370217652873e-05	0.000245625178376081	0.000255489216273549	1.96556697546514e-05	0.000399614573733346	0.000105803352456951	4.57905286145974e-05	0.000388553040635135	0.000105779870897138	0.000123357629093383	0.000486388616980211	0.319442455828748	0.0211690779511572	0.215372499214055	0.146540625556432	0.150738398708882	0.150738397170329	0.00830997907687142	0.0175353135195775	0.0488091565022205	0.0538710922096066
PC7	0.000431758889454346	0.000498147770209714	0.00127169259665054	0.000366625675099397	0.00108236010712132	0.000214386941593234	1	0.00033511216454087	0.00277954912075582	0.000935690803607499	0.000509034143979785	0.000666202206121506	0.000111161786498639	0.00139407904472473	0.00251917806126149	0.00120370064776062	0.000848713335638435	0.00038227250545354	0.000172562633560103	0.000808901137786034	0.000654295047503232	0.000543411857374612	0.00130334636575802	9.44206802558469e-05	0.000201184991796022	0.000454046755015607	0.000389335851358428	0.000701282326339609	0.00112638094835742	0.00207069226093739	0.000705492298134306	0.000261927174432927	5.36366851902406e-05	0.00014773733558777	0.00061925275807951	0.000230610758802916	0.00108165407666148	0.000644398921930177	4.0419047035552e-05	0.00077860666346577	0.000307258691879338	0.000233861647727006	0.000459217264087452	0.000174071646019432	0.000144338143717997	3.33467295553329e-05	0.000185042247779828	0.000627681345558897	0.000132311185034487	0.00146665110792315	0.000632874272958127	0.00017720064329569	0.000255062976945749	0.000721594316391488	0.189062582286474	0.00163443595654337	0.10691688451087	0.0795535704926382	0.0854387555122395	0.0854366666811697	0.00173894278241145	0.0303064848325911	0.0236701755468054	0.229412174160667
PC8	0.000292598509349133	0.000324412393105986	0.000809168034429214	0.00106586092284889	0.000159311396702394	0.000868159599096086	0.00033511216454087	1	0.000735739784044616	0.000778897150316541	0.000444454948833416	0.000975332001783083	0.000644407908884835	0.000989821617049708	0.00221771267556894	0.00124981715913486	0.00147926708334944	1.45640308803815e-05	0.00137322839934398	0.000387432373397695	0.000246842350291988	0.000532839654291383	0.000669874626175467	0.000805883854172103	0.000136452416498132	0.000218811533408766	0.000474346759179543	0.000659611995087761	0.000711028270780181	0.00122851454841167	7.3054620922974e-05	0.000453815924122035	0.000755035356567918	0.00042165098939427	0.000655658481565929	0.000497913693440892	0.000779447778671723	0.00137404356409531	0.000366127300711077	0.000712236456280699	0.000752889130940723	0.00070530412117975	0.000708124291342726	8.46767459427395e-06	0.000131729391244461	7.79556510791327e-06	0.000305881156689718	0.000655903752247296	0.000710208372759979	0.00182324454710216	0.000692137659513451	0.000504393957028485	0.000178197541678566	0.000856651744893542	0.249238151795456	0.0307537443037205	0.0175647091944016	0.216914203736067	0.220960216004876	0.220959070033874	0.111999852339902	0.0366380098326102	0.0616895528955192	0.146413746678916
PC9	0.00165569594698476	0.000957914551901789	0.00069514529586581	0.000300566045657049	0.000955659775052161	0.0015943459773431	0.00277954912075582	0.000735739784044616	1	0.0018038624788412	0.000380066797424696	0.00174381717025234	0.00110789720154745	0.00165552222751936	0.00514911921581462	0.0019349350139024	0.000816574117704665	0.000353044723041956	0.000594991523931894	0.00353830192594914	0.000842127766794868	0.00105489395435234	0.000571314062565439	0.000652830604526073	0.00031524432542012	0.00169937557213274	0.00253690285727079	0.00122129612887106	0.000969791127211128	0.00123028744123827	0.000705284179450182	0.000166515194504188	0.00068031191102533	0.000137842256774165	5.06578191049566e-05	4.03324467064929e-05	0.00212103205023589	0.000714087814349989	0.000792655396756906	0.0014043250573939	0.000700864997304622	7.26044315090624e-05	0.00080940548042802	5.51922951782949e-06	0.00039209759607812	0.000304904897283892	0.000799234141951136	0.000154997914218392	0.000232228053941729	0.00261787326099759	0.00122054821656475	0.000640568318535803	0.000100530884817185	0.000615665729005605	0.217802489739931	0.027904595521286	0.021776901446766	0.151342491142946	0.155875555730178	0.155870901387508	0.110747351448306	0.00647192697180765	0.0843011949563422	0.0802410218262548
PC10	3.68308579068236e-05	0.000280922850289664	0.000358329038893473	0.000600142801830895	0.000564286180581349	0.000694587650827451	0.000935690803607499	0.000778897150316541	0.0018038624788412	1	0.00149942408821426	0.000791498867584961	0.000126886826164147	0.00165732449105818	0.00239588865918432	0.000964577124551787	0.00104924740538619	0.000772540260407779	0.000852905248304311	0.000714686365432056	4.28116640992488e-05	0.000328508737156233	0.000109727621571514	0.000488993206314146	0.000224831621474349	0.000364238149273192	0.000515156920645589	5.03131579896073e-06	0.000219810900503772	3.08645968311975e-05	0.000114093895224397	0.000527480583941672	0.000532043095252402	0.00034835852896588	0.000367692200613514	0.000271399455347361	0.00115301573664206	0.000135685643030145	3.40747030083363e-06	0.000869737937468191	5.04096821642205e-05	0.000310643342012254	0.00013887681000174	0.000118976653046441	0.000264343593415842	0.000540350122676392	6.97936235142024e-05	0.000569845982765187	0.00027987624249636	0.000334323099066539	0.000789759079131673	0.000525350726567673	0.000121448400611377	0.000509764388465196	0.247234228986057	0.00694455707219868	0.0204498756299001	0.0820915231765575	0.0859115955345218	0.0858567572219839	0.0437125116793166	0.0983773168307675	0.0287554376633262	0.0892307070918396
PC11	0.000407951046898899	0.00126937727183091	0.000837851987951693	0.000301916709599144	0.000499583198819716	0.000967896574558812	0.000509034143979785	0.000444454948833416	0.000380066797424696	0.00149942408821426	1	0.000195189452041337	0.000684729268776881	0.000582049625825609	5.36639624034627e-05	0.000788275604817695	0.00116966070347275	0.000112367033455692	0.000385860244798453	0.00048112774042361	0.000370451529118796	0.00132559639784512	0.00180981804914524	0.00108043996626108	0.00020876294441258	0.0004942094344875	0.000143702537425098	0.000625337864408729	0.000545357530645489	0.00212872732844256	0.00162876749153334	6.47262168832292e-05	0.000986174568331124	0.000350839458850477	0.00036584678560351	0.000207776241393089	0.00116359392202797	0.000569684918058042	0.000164454804914907	0.000632116830623784	0.000930983014370484	0.000311739454071603	0.000760108774611438	0.000253495266949282	0.000268102791646279	0.00109860253173973	0.000263472069246507	0.000642763022490327	0.000246057701059765	0.00121367598886269	0.000517875641009843	0.000563109202118122	0.000267508039673795	0.000907181153810803	0.207454282212373	0.00166179421687747	0.0374543115873712	0.0866120344105639	0.0914989588151073	0.0914480628194649	0.00182688748521238	0.0153340089196957	0.0542618445887039	0.000295403873721084
PC12	0.00175608784249677	0.000148381423120681	0.000535925200811702	0.000787334536960822	0.000165999602301617	0.000312072683533349	0.000666202206121506	0.000975332001783083	0.00174381717025234	0.000791498867584961	0.000195189452041337	1	0.0020198421288697	0.00037766556727104	0.000185340734347486	0.000441991111591033	0.000733298755222071	0.00203219967549438	0.00130355847808648	0.00164997573067704	0.000811541425397558	0.00054862465836403	0.000670413011276876	0.000925304372828449	0.00104018437536412	0.00052299858154909	0.000351315075780024	0.000351776181515731	0.000518113411455765	0.000140845736335295	0.000256194013017377	7.20839762356319e-05	0.000221011471537498	2.47975033524517e-05	0.00126356946497915	0.000598582631650011	0.000546544317261571	0.000433535247872778	0.000596046697584234	0.000257567319079326	0.000145849923535349	0.000241685046230978	0.000169147387561174	2.84630845796322e-05	3.2229069682622e-05	4.98960036695957e-05	0.0007099971766821	0.000498256006250235	0.000475280586710346	0.00278058242831259	0.000715829398850739	0.00029729676149114	8.39120037721321e-05	0.001275463595067	0.242734322228743	0.0196857492259776	0.0261560388144709	0.0637028007884967	0.0659183793138752	0.0659164997986468	0.126435190271314	0.0663222120265206	0.0598023321578218	0.00242745792749091
PC13	0.00135453270017066	0.000657904072437179	0.000892530848105737	0.000207669255964587	0.000415336088376683	0.000277338453701006	0.000111161786498639	0.000644407908884835	0.00110789720154745	0.000126886826164147	0.000684729268776881	0.0020198421288697	1	0.00165187788726986	0.00166520234517393	0.00206368373200818	0.000222307373818208	0.000429176820770797	0.00047066546393428	0.00121670643622846	0.00122851322876495	0.00188960502012682	0.00238043516489934	0.000288778215123221	0.00092068756851242	0.000108278983260915	0.000563921156800614	0.000334057956981196	0.000503092078469672	0.0015957336088958	0.00126581852639241	0.000303624855329982	0.0016661849116922	0.000506306590231414	7.27213089381836e-06	0.000142295751156502	0.00185354651388031	0.000769249488040172	0.000528655341730862	0.00076311632112528	0.00077149080681134	0.000870653968231716	0.000740006955998836	5.86556700285469e-05	0.000123258931205582	0.000131387847366267	0.000433519258991487	0.000122840540963088	0.000348439710214606	0.00137950047135109	0.000236030748532753	4.4166162795076e-05	0.000206598681266747	0.0011907536743225	0.233885164906258	0.00940190347237031	0.0380263038940244	0.0399805676902332	0.0469765788017314	0.0469701145600036	0.0382994694546284	0.0906577449676603	0.0542012467234133	0.095263838937524
PC14	0.000232069421853371	0.001068741485828	9.15667977826277e-05	0.000451818155205411	0.00118355251841571	1.55667656893035e-05	0.00139407904472473	0.000989821617049708	0.00165552222751936	0.00165732449105818	0.000582049625825609	0.00037766556727104	0.00165187788726986	1	0.00479574174657439	0.00227505097726997	0.000553208201727325	0.000966063462186568	0.00221073116272957	0.00345654185983429	0.00157175717950582	0.000458534552557685	0.00123414512878038	0.000223166011952777	0.00118866765195888	0.000537396363182476	0.00121227330581001	0.000170753651537086	0.00256634150582409	0.00172811133616226	0.00190445606241853	0.00151763867071703	0.00119623163033268	0.00113020039723872	0.0025928533228972	0.000157266333657182	0.00194598059683329	0.000825767182992557	0.000477206094152061	0.00055721603594042	0.000347797333030569	0.00115726235474849	0.000471328143776809	0.000241093235073384	0.000443921912272057	0.000940014996853024	0.000471149566022459	0.000429382975237375	0.000272920611692022	0.000589871051111768	0.000768307048337133	0.000118644471836175	0.000459926047061784	0.00090197622283927	0.218904177489431	0.0258319359108953	0.0532633017327709	0.0758997193470795	0.0815412494972572	0.0815294052320788	0.0216746159591849	0.0416797408287756	0.0287971024489916	0.0516156958490538
PC15	0.00145478934596694	0.000827734578272129	1.00258659884588e-05	0.000863451087568396	0.00174603801385873	0.000560875307720359	0.00251917806126149	0.00221771267556894	0.00514911921581462	0.00239588865918432	5.36639624034627e-05	0.000185340734347486	0.00166520234517393	0.00479574174657439	1	0.00600758966753098	0.00428245870499318	0.00158283489477115	0.00107235697406245	0.00708130836894315	0.00285856262418858	0.00134310456467084	0.00335434176807808	0.00078281774011437	0.00148963868240767	0.000901608062565791	0.00156482273035703	0.000503857199591217	0.00258883812891392	0.00248631286604294	0.00157857417648483	0.00121283660389552	0.000554158054152794	0.000574548144436868	0.00210337208960365	9.13429129478428e-05	0.0042796228431718	0.00156111203875884	0.000559102003487181	0.00237314122993675	0.00103244587899546	0.00140847444122009	0.00106730145482705	0.000459286139102596	1.04443576182333e-05	0.00111368010248207	0.000430780643660755	0.00076525281436426	0.000441305948699538	0.00134551782439254	0.00157244240309356	0.0010872358344594	0.000244637634148545	0.000754478517714027	0.23814649245822	0.0130097627595342	0.0306828644741584	0.0284180856871947	0.0348790365821761	0.0346965575575067	0.0215220449205188	0.0614724430097116	0.0557396579180845	0.0132158590309372
PC16	0.00100366518608947	0.000598440883778729	0.000757906906760353	0.00105052246375739	0.00010549171924535	0.000423810543632919	0.00120370064776062	0.00124981715913486	0.0019349350139024	0.000964577124551787	0.000788275604817695	0.000441991111591033	0.00206368373200818	0.00227505097726997	0.00600758966753098	1	0.00310743430813134	0.000649314859941432	0.000411879328880102	0.00486300467645305	0.00207457497183087	0.00104735247365448	0.0036427756174289	0.000169819856952748	0.000914371849140897	0.00103085709884043	0.00090798220484678	0.000277012526555898	0.00149588627059994	0.00239382069664722	0.000818554021462688	0.00142820376749493	0.000833590050278594	0.000808813148012901	0.00104195957823296	0.000231260759518921	0.00437101213452106	0.000835143391547818	0.000657785373836706	0.00260031725895165	0.000730816502573735	0.000772143203008778	0.000692042331357841	0.00011599329898953	0.000112709646036806	0.00042665712503278	0.000203131446546257	0.000388268525810324	0.000294468413063335	0.000599807286618046	0.000401525736959522	4.60739109920446e-05	0.000264932354124722	0.000281085329118673	0.207447165855587	0.00266618167810598	0.0288871532068178	0.0804283783432178	0.081895651248491	0.0818832017011706	0.0413095881420424	0.0304347574862431	0.0246884218965058	0.0477878176477857
PC17	0.00117097822297692	0.00129513079174918	0.000249351674614626	0.00139621582356073	0.000404656288791902	0.00125545580709539	0.000848713335638435	0.00147926708334944	0.000816574117704665	0.00104924740538619	0.00116966070347275	0.000733298755222071	0.000222307373818208	0.000553208201727325	0.00428245870499318	0.00310743430813134	1	0.00246707188058289	0.000449204083507629	0.00345697303525789	0.000578487497852451	0.00017590666609121	0.00298805593003601	0.000195512726847174	0.00110251736674992	0.000368779951531893	0.000558327226378186	0.000673242496166309	0.000343250264849199	0.00267737727267241	8.18184038091953e-05	0.000890459298498135	0.000108377353622919	0.000684054790374679	0.000789043673623336	0.000119038482688829	0.00224838987321467	1.48289386119171e-05	0.000275166702689126	0.00251074234834927	1.8960540678431e-05	0.000465795146463633	0.000112491614824802	0.000367086487784318	0.00051690319493455	7.81433936723275e-05	0.000276957162535736	0.000364556008488013	0.000292118457274036	0.00238150684598691	8.04764812510333e-05	0.000476355268539105	0.00061414734826804	0.000965459726583537	0.476924045684274	0.00113579708865272	0.0114407255511018	0.0329828980574365	0.0453751576588932	0.0453048055630672	0.0340652452529492	0.226261383476349	0.0326180222033293	0.0151969048840881
PC18	0.00170509929136684	0.000432410230354639	0.000521277387310429	0.000612347297072286	0.000616393504682788	0.000147642352893669	0.00038227250545354	1.45640308803815e-05	0.000353044723041956	0.000772540260407779	0.000112367033455692	0.00203219967549438	0.000429176820770797	0.000966063462186568	0.00158283489477115	0.000649314859941432	0.00246707188058289	1	0.000976329858555294	0.00237102602481666	3.33064639553061e-05	0.000929099221713197	9.22617301117477e-05	0.000894722597689315	0.000270071570928889	0.000459188707061072	0.000412122597732637	0.000653433508957857	7.04784868844201e-05	0.000567794617353843	0.000160093917849501	0.000292759764882769	0.000211424851597439	0.000429680513020577	9.07490337508782e-05	0.000507814767160062	0.000313477961422946	0.000245594596242614	5.7659414329067e-06	0.000687154328785581	7.61427598357026e-05	0.000418833692041418	0.000260172711521564	2.30813665425128e-05	4.60438416042454e-05	7.67527502839541e-06	0.000673960166964751	0.000113874157753605	0.000390566141271203	0.0028664930817374	0.000426835850123785	5.49697030005e-05	0.000392663436970175	0.00106189562155088	0.38155937638799	0.0113065864949177	0.00528809671087247	0.0438043388337641	0.0493919457049887	0.0493919044631021	0.0191521370365228	0.15781913472969	0.033520399966212	0.0234298720476096
PC19	0.000674537991706686	7.69248424837415e-05	0.000270446483009219	8.16853650136493e-05	0.000466436941559975	0.00049008421249081	0.000172562633560103	0.00137322839934398	0.000594991523931894	0.000852905248304311	0.000385860244798453	0.00130355847808648	0.00047066546393428	0.00221073116272957	0.00107235697406245	0.000411879328880102	0.000449204083507629	0.000976329858555294	1	0.000120365404883022	4.80336627940497e-05	0.000447308011110903	0.000107431984080719	0.00169274741416751	0.000264394295589652	0.000160068107324078	0.00117436251675225	0.000411282176217352	0.000793854318372669	0.00140620007661546	0.000508977459065224	0.00145379928886067	0.00112916099899589	4.53019059220294e-05	0.00121842642863125	0.000548576867734561	0.00096064625404315	0.000230706870995377	0.000760502023293144	0.000619340505710563	0.000244049987558347	0.000348968297555358	0.000343587194636006	0.000127207341827497	1.54936312043263e-05	0.000140814486235922	0.000141939058254492	0.000491904011753826	0.000421865480401695	0.00111056128508486	0.00041672498866189	6.19166965075899e-05	0.000216832723153889	0.000615248792632635	0.229889050442617	0.00454301821230968	0.0158116325749955	0.0345949522621834	0.0429563372502801	0.0428777235302913	0.0133358211265541	0.0601136201608651	0.00397937692234797	0.0631959922500366
PC20	0.000468532679157307	0.000347388928905312	0.0016963276817456	0.00034525423954109	0.000495045205363322	3.64261775129004e-05	0.000808901137786034	0.000387432373397695	0.00353830192594914	0.000714686365432056	0.00048112774042361	0.00164997573067704	0.00121670643622846	0.00345654185983429	0.00708130836894315	0.00486300467645305	0.00345697303525789	0.00237102602481666	0.000120365404883022	1	0.00228831096066322	4.94502731662886e-05	0.0022192085856596	0.00198123532803265	0.00129614339197321	0.0016576372886139	0.0012137955372751	0.00104687173967485	0.00104986308123446	0.00236078118797115	0.00130374652210642	0.00164213101644961	0.000274965501101245	4.90628679686127e-06	0.00117922074572238	0.00043495739195269	0.00346433129194678	0.000182644403076505	0.000967274414158096	0.000673608540584389	0.00116524175137834	0.000409983021839648	0.00155149921493777	0.000192035045745078	0.000362370527027197	0.00104327253943044	2.58413783099862e-05	6.05227054145067e-06	0.000467494876687587	0.00181834018866642	0.000291240522866798	1.83483141812536e-05	9.00032985005159e-05	0.00112715428065959	0.260802643943177	0.0130700836673366	0.00901770891622205	0.0194599064676447	0.0305153629548341	0.0304147605564039	0.0196532600322424	0.0225684518163651	0.00318272342911484	0.0495532187212787
PC21	0.000692715052686252	0.000461735521860523	4.23626254869341e-05	0.000310800276202536	0.00059490053303673	0.000147498186108933	0.000654295047503232	0.000246842350291988	0.000842127766794868	4.28116640992488e-05	0.000370451529118796	0.000811541425397558	0.00122851322876495	0.00157175717950582	0.00285856262418858	0.00207457497183087	0.000578487497852451	3.33064639553061e-05	4.80336627940497e-05	0.00228831096066322	1	0.00069795715807323	0.000883667537256744	5.12135773143981e-06	0.00123126613352151	0.000184719098452694	0.000425595646325804	0.000227512173339278	0.00130523131656345	0.00047070024567005	0.00025846694698973	0.000589833666295984	0.000286604351222541	0.000660779616505005	0.000782252520522498	2.20908621698996e-05	0.00170187651158222	0.000136619826232819	0.000334633076924973	0.000585854851639554	0.000439633605680306	1.03715121210074e-07	0.00040900062127885	0.000110107210973535	0.000142274640702319	0.000323218471095735	1.89475344528536e-05	6.58620205463379e-05	0.000242192753148092	0.00113662593748389	0.000165427235552047	0.000155930712451945	0.000391871877624565	0.000411671970735558	0.349211367219357	0.00158313777633903	0.0316805102593184	0.137152229084996	0.144826524649979	0.144809343327828	0.0375081324462958	0.130833539423065	0.00273370883588989	0.0706896713267989
PC22	0.00103063037208926	0.000862513369850252	0.000479844055575907	0.00119956859152942	0.00115422499160905	0.000402046694093989	0.000543411857374612	0.000532839654291383	0.00105489395435234	0.000328508737156233	0.00132559639784512	0.00054862465836403	0.00188960502012682	0.000458534552557685	0.00134310456467084	0.00104735247365448	0.00017590666609121	0.000929099221713197	0.000447308011110903	4.94502731662886e-05	0.00069795715807323	1	0.000699167456477873	0.000644719100058394	0.000478058093752564	0.00154254737631896	2.96952317396914e-05	0.000192952339058406	0.000763894779119257	0.000767640559398865	0.000820864668015873	0.000760049266716475	0.000457356962218162	0.000300164254213402	0.000209681818276509	5.36611032102399e-05	0.00125310788675843	0.00121640652824715	0.00129696724911346	0.000586610931852503	0.00138790207665307	0.00077535912999428	0.00147025856812643	3.08228050934422e-06	9.26569935757707e-05	0.000293519381908949	0.000104939495106701	9.21777559251625e-05	1.3000465446584e-06	0.000610149866050513	0.000470850439080165	0.000267046767133405	8.31369877823014e-05	0.000626353967974309	0.249390444581881	0.00461338116237385	0.0413057168303488	0.0533709453486135	0.0566855540545632	0.0566686472024296	0.00337706808290947	0.0791259227027971	0.0269135041458847	0.0583932305572964
PC23	0.000455126776201012	0.000531516724812595	0.00134380668025734	0.000617472829231296	7.77165564205548e-05	0.00168281689507941	0.00130334636575802	0.000669874626175467	0.000571314062565439	0.000109727621571514	0.00180981804914524	0.000670413011276876	0.00238043516489934	0.00123414512878038	0.00335434176807808	0.0036427756174289	0.00298805593003601	9.22617301117477e-05	0.000107431984080719	0.0022192085856596	0.000883667537256744	0.000699167456477873	1	0.000385938926630481	0.00186923747676246	9.36049895775178e-06	0.00119781691920441	0.000636282129374924	0.00109565159814203	0.00259422648770881	0.00119749316664545	0.00065670275094979	0.000935015173425217	0.00123642776868596	0.00177523897920346	0.000674924441585577	0.0032217012039451	0.000520879345891784	0.000360705070755264	0.00219555946370747	0.000154222034664588	0.000399669322681339	0.0002379645093601	0.00016000879857695	0.000474648887682724	0.000188716286466432	4.42567218686494e-05	0.000305166294269515	0.000340224540935661	0.00118837516523595	0.000271050694246295	2.44303857872413e-05	9.9531797510273e-05	0.000420881306295388	0.285636069193804	0.010607483155416	0.00459818156741383	0.075658402312783	0.0781662371564523	0.0781534291761371	0.00235585068153413	0.0313732318878344	0.0746909007733286	0.0185597105091379
PC24	0.000520429565720892	0.000552657171076974	0.000826550613586267	0.000831190429107217	4.08364811640741e-05	0.000186554236228053	9.44206802558469e-05	0.000805883854172103	0.000652830604526073	0.000488993206314146	0.00108043996626108	0.000925304372828449	0.000288778215123221	0.000223166011952777	0.00078281774011437	0.000169819856952748	0.000195512726847174	0.000894722597689315	0.00169274741416751	0.00198123532803265	5.12135773143981e-06	0.000644719100058394	0.000385938926630481	1	7.61052398139082e-05	0.000473138812110177	0.000245423583094467	0.00103756650972774	0.000528488723899424	0.0017405334821735	0.00074321818621336	0.00164101503372566	0.00158925796492883	9.33052716950798e-05	0.000321166710673653	0.000860825416016767	0.00117319476154559	0.000196412741732929	0.0009413745185871	0.000710107081405002	0.000521145141895003	0.00103118302162032	0.000682140163514714	0.000275872176677053	0.000759905450869091	0.000700265652514151	9.30890336004447e-05	0.000488750135261443	2.74106378268264e-05	0.000967161894963013	0.00055715420091682	0.000640279513960137	0.000411592968691688	0.000802053443414333	0.222250744799556	0.00918289072321582	0.0174535492311784	0.0834100535088176	0.087239279353611	0.0872392679675826	0.0476601755431753	0.00231541112660314	0.0094764188251399	0.0401526159308263
PC25	0.000186888007951079	0.000526898211478464	0.000806379899015635	0.000473095440424227	0.000718997590342388	0.00147788618508482	0.000201184991796022	0.000136452416498132	0.00031524432542012	0.000224831621474349	0.00020876294441258	0.00104018437536412	0.00092068756851242	0.00118866765195888	0.00148963868240767	0.000914371849140897	0.00110251736674992	0.000270071570928889	0.000264394295589652	0.00129614339197321	0.00123126613352151	0.000478058093752564	0.00186923747676246	7.61052398139082e-05	1	0.00115263223716574	0.00146161877965456	0.000400926822949147	0.00267579759534184	0.00118145215570391	0.000720588716463445	0.00205636772659204	0.000669829926287105	0.000581255790681074	0.00237673388554286	0.00034396281018744	0.0023726580941576	0.000158139861666387	0.0015944020133771	4.00145829977661e-08	0.0010893040607883	0.000131758618308261	0.00111121394004105	9.67371780478095e-05	0.000710475172209822	0.000543275722015261	2.88785301456613e-05	0.000166123024341423	0.000338431432421391	0.00066130565851119	0.000397032462759979	0.000764528499116306	0.000764129187905992	0.000458778340256099	0.253089342106171	0.00203103916409661	0.0426982271778801	0.0455464500812491	0.0522995577940162	0.0522887417012497	0.01133186695127	0.0511121345256727	0.00868576046466496	0.0652044404137234
PC26	9.80886138976563e-05	6.0805290912869e-05	0.000450707582750093	0.000510707536850048	0.000302389596311027	0.000820107284594571	0.000454046755015607	0.000218811533408766	0.00169937557213274	0.000364238149273192	0.0004942094344875	0.00052299858154909	0.000108278983260915	0.000537396363182476	0.000901608062565791	0.00103085709884043	0.000368779951531893	0.000459188707061072	0.000160068107324078	0.0016576372886139	0.000184719098452694	0.00154254737631896	9.36049895775178e-06	0.000473138812110177	0.00115263223716574	1	0.00032508335700886	0.000224336605403913	0.000506853359542083	0.000707293079108047	0.000218821522197562	0.000607036314522723	0.000226606754915131	0.000166317645442693	0.000331335263447667	0.00025833624491096	0.00152675610755266	0.000471588939291107	0.000777044443998125	0.000627282383389587	0.000271664202784554	0.000381057882320601	3.00920051539108e-05	1.20218104719071e-05	7.66089735620202e-05	2.03266538962646e-05	0.000127630773911612	0.000331271058684382	0.000164740139655913	0.000164008718657707	8.5370632486436e-07	7.52332090543269e-05	0.000196076009994274	0.000683775090601914	0.386870741085354	0.00728349025654401	0.0386385196895151	0.143930031753106	0.146541649282944	0.146541356121701	0.0653800992434873	0.0842396312588716	0.0141279706276942	0.044513358468367
PC27	0.00221599824242423	5.34100443369614e-05	2.08683159867752e-05	0.000694372445145277	3.41696251999948e-05	0.00098079978169459	0.000389335851358428	0.000474346759179543	0.00253690285727079	0.000515156920645589	0.000143702537425098	0.000351315075780024	0.000563921156800614	0.00121227330581001	0.00156482273035703	0.00090798220484678	0.000558327226378186	0.000412122597732637	0.00117436251675225	0.0012137955372751	0.000425595646325804	2.96952317396914e-05	0.00119781691920441	0.000245423583094467	0.00146161877965456	0.00032508335700886	1	0.000310428686562839	0.00127701209376311	0.000653550180036262	0.000508759984455024	0.000366954248561026	0.000215017247930524	0.000329989411487727	0.000888549620019195	0.000252587443273398	0.0011507662403467	0.00126819409304964	0.000507653699404268	0.000759574801969537	0.00103260282751637	3.68537744335259e-05	0.0011580723518736	0.000309428086557354	0.00058524946917924	9.67585891307439e-05	0.000856517367383415	0.000299448856827246	0.000241648681314705	0.00418037751401276	0.000990869116861844	2.58611869742523e-05	0.000491303163244448	0.00114056116266457	0.258058489986775	0.00275268683035874	0.0267993080232888	0.109059719998389	0.112998359508738	0.112972825376986	0.0103286847543558	0.0584546022058709	0.0339100386008895	0.0606397083632566
PC28	0.000609887620507	0.000188910329065036	0.000148225185029164	0.000524869195067916	6.40875116200163e-05	3.72606833535898e-05	0.000701282326339609	0.000659611995087761	0.00122129612887106	5.03131579896073e-06	0.000625337864408729	0.000351776181515731	0.000334057956981196	0.000170753651537086	0.000503857199591217	0.000277012526555898	0.000673242496166309	0.000653433508957857	0.000411282176217352	0.00104687173967485	0.000227512173339278	0.000192952339058406	0.000636282129374924	0.00103756650972774	0.000400926822949147	0.000224336605403913	0.000310428686562839	1	0.000639129704063322	0.000329239526323637	0.000106915204944951	0.000723089151850809	0.000382858434372755	0.000687563672093043	0.000189175055280475	0.000393388750339274	3.84526686876621e-05	0.000218814154186016	0.000503631311014771	0.00023875165380167	0.000297806518760737	0.000154368426063147	0.000354114060169873	6.36978987897645e-06	0.000489409561265447	0.000158505536787572	0.00042532158746009	0.000470099876990608	2.38152310522545e-05	0.00131197178372439	0.00047060744307653	8.8104839169989e-05	0.000521263767301701	0.000531749786863609	0.268517843574176	0.0062464152583454	0.0355572991065618	0.0352947793203508	0.0381732070778389	0.038169583065206	0.0056138308312563	0.0235804894785776	0.00538662890072545	0.0204111120084044
PC29	0.000871487857668118	0.000122567184007107	0.000330077883979053	0.000493984496832155	0.00109097731900796	0.000824045763894681	0.00112638094835742	0.000711028270780181	0.000969791127211128	0.000219810900503772	0.000545357530645489	0.000518113411455765	0.000503092078469672	0.00256634150582409	0.00258883812891392	0.00149588627059994	0.000343250264849199	7.04784868844201e-05	0.000793854318372669	0.00104986308123446	0.00130523131656345	0.000763894779119257	0.00109565159814203	0.000528488723899424	0.00267579759534184	0.000506853359542083	0.00127701209376311	0.000639129704063322	1	0.00131857333305371	0.00118230088963665	0.00097665549884311	0.00153030035361152	0.0012043583962593	0.00339340517650773	0.000152650270689196	0.00047602694736548	0.00114612224168768	0.000962260275992967	7.96583872826016e-05	0.000246992651794068	0.000233575510760638	1.19210533142456e-05	0.000144512352820673	0.000641152749089658	0.000301863902967794	0.000152984394671596	0.000416093072313408	0.00012684814553673	0.00210542949330066	0.000233308088631872	0.000430953010818382	0.000608878571511734	0.000419996152809182	0.37646203160902	0.00141671215921347	0.0249126619562529	0.0297325339099334	0.0413328827239458	0.0410190041267064	0.0475515952363896	0.0218351694003287	0.0203728868961237	0.0223157858789832
PC30	0.000625929984478719	0.000507676564244944	0.00108174679150392	0.000594965238486579	5.34362007195872e-05	0.00150084916241207	0.00207069226093739	0.00122851454841167	0.00123028744123827	3.08645968311975e-05	0.00212872732844256	0.000140845736335295	0.0015957336088958	0.00172811133616226	0.00248631286604294	0.00239382069664722	0.00267737727267241	0.000567794617353843	0.00140620007661546	0.00236078118797115	0.00047070024567005	0.000767640559398865	0.00259422648770881	0.0017405334821735	0.00118145215570391	0.000707293079108047	0.000653550180036262	0.000329239526323637	0.00131857333305371	1	0.00174748030621498	0.00208224740307493	0.00190202692550795	1.75006627867388e-05	0.00197047867581704	0.00135304511946452	0.00227485369474476	0.000938068341798723	0.000784774522711241	0.00212023618548016	0.000668423445822498	0.0012742079338863	0.000407997528908628	0.000344697771942659	0.000763508689375191	0.000396806851542358	0.000269622256637129	0.000737218563234146	0.000803871838455952	0.000897212267779397	0.000191620590469766	0.00027090277652155	0.000134594981644674	0.000731593106052046	0.27293202332252	0.00185417916945171	0.0350901116191836	0.0695326657248758	0.072411271078308	0.0723659639481958	0.0315811048452231	0.0284963868830677	0.011158845014027	0.0314446051271082
